#! elementShape quadrilateral
#! elementNumPoints 4
112 55 
0.00000	0.00000
0.02000	0.00000
0.00000	0.02000
0.02000	0.02000
0.00000	0.04000
0.02000	0.04000
0.00000	0.06000
0.02000	0.06000
0.00000	0.08000
0.02000	0.08000
0.00000	0.10000
0.02000	0.10000
0.00000	0.12000
0.02000	0.12000
0.00000	0.14000
0.02000	0.14000
0.00000	0.16000
0.02000	0.16000
0.00000	0.18000
0.02000	0.18000
0.00000	0.20000
0.02000	0.20000
0.00000	0.22000
0.02000	0.22000
0.00000	0.24000
0.02000	0.24000
0.00000	0.26000
0.02000	0.26000
0.00000	0.28000
0.02000	0.28000
0.00000	0.30000
0.02000	0.30000
0.00000	0.32000
0.02000	0.32000
0.00000	0.34000
0.02000	0.34000
0.00000	0.36000
0.02000	0.36000
0.00000	0.38000
0.02000	0.38000
0.00000	0.40000
0.02000	0.40000
0.00000	0.42000
0.02000	0.42000
0.00000	0.44000
0.02000	0.44000
0.00000	0.46000
0.02000	0.46000
0.00000	0.48000
0.02000	0.48000
0.00000	0.50000
0.02000	0.50000
0.00000	0.52000
0.02000	0.52000
0.00000	0.54000
0.02000	0.54000
0.00000	0.56000
0.02000	0.56000
0.00000	0.58000
0.02000	0.58000
0.00000	0.60000
0.02000	0.60000
0.00000	0.62000
0.02000	0.62000
0.00000	0.64000
0.02000	0.64000
0.00000	0.66000
0.02000	0.66000
0.00000	0.68000
0.02000	0.68000
0.00000	0.70000
0.02000	0.70000
0.00000	0.72000
0.02000	0.72000
0.00000	0.74000
0.02000	0.74000
0.00000	0.76000
0.02000	0.76000
0.00000	0.78000
0.02000	0.78000
0.00000	0.80000
0.02000	0.80000
0.00000	0.82000
0.02000	0.82000
0.00000	0.84000
0.02000	0.84000
0.00000	0.86000
0.02000	0.86000
0.00000	0.88000
0.02000	0.88000
0.00000	0.90000
0.02000	0.90000
0.00000	0.92000
0.02000	0.92000
0.00000	0.94000
0.02000	0.94000
0.00000	0.96000
0.02000	0.96000
0.00000	0.98000
0.02000	0.98000
0.00000	1.00000
0.02000	1.00000
0.00000	1.02000
0.02000	1.02000
0.00000	1.04000
0.02000	1.04000
0.00000	1.06000
0.02000	1.06000
0.00000	1.08000
0.02000	1.08000
0.00000	1.10000
0.02000	1.10000
0	1	3	2
2	3	5	4
4	5	7	6
6	7	9	8
8	9	11	10
10	11	13	12
12	13	15	14
14	15	17	16
16	17	19	18
18	19	21	20
20	21	23	22
22	23	25	24
24	25	27	26
26	27	29	28
28	29	31	30
30	31	33	32
32	33	35	34
34	35	37	36
36	37	39	38
38	39	41	40
40	41	43	42
42	43	45	44
44	45	47	46
46	47	49	48
48	49	51	50
50	51	53	52
52	53	55	54
54	55	57	56
56	57	59	58
58	59	61	60
60	61	63	62
62	63	65	64
64	65	67	66
66	67	69	68
68	69	71	70
70	71	73	72
72	73	75	74
74	75	77	76
76	77	79	78
78	79	81	80
80	81	83	82
82	83	85	84
84	85	87	86
86	87	89	88
88	89	91	90
90	91	93	92
92	93	95	94
94	95	97	96
96	97	99	98
98	99	101	100
100	101	103	102
102	103	105	104
104	105	107	106
106	107	109	108
108	109	111	110
